#	id	left	top	right	bottom	texture_id
[SPRITES]
#WALK left
71001	34	68	50	95	40
71002	8	68	25	95	40


#WALK RIGHT
72001	57	68	73	95	40
72002	82	68	98	95	40

#DIE
73001	106	76	124	92	40

#GREEN_KOOPA_WING LEFT
71301	58	105	74	132	40
71302	35	105	51	132	40
71303	10	105	26	132	40

#GREEN_KOOPA_WING RIGHT
71304	84	105	100	132	40
71305	107	105	123	132	40
71306	131	105	148	132	40

#	ani_id	sprite1_id	time1	sprite2_id	time2	...
[ANIMATIONS]
#walking left
7000	71001	100	71002	100
#walking right
7001	72001	100	72002	100
#die
7002	73001	100
#wing waking left
7003	71301	100	71302	100	71303	100

#wing waking right
7004	71304	100	71305	100	71306	100




