#	id	left	top	right	bottom	texture_id
[SPRITES]
#WALK left
81001	33	35	49	62	40
81002	8	35	24	62	40


#WALK RIGHT
82001	57	35	73	62	40
82002	82	35	97	62	40

#DIE
83001	107	43	98	62	40

#GREEN_KOOPA_WING LEFT
81301	206	105	222	132	40
81302	183	105	199	132	40
81303	158	105	174	132	40

#GREEN_KOOPA_WING RIGHT
81304	231	105	247	132	40
81305	254	105	270	132	40
81306	279	105	295	132	40

#	ani_id	sprite1_id	time1	sprite2_id	time2	...
[ANIMATIONS]
#walking left
8000	81001	100	81002	100
#walking right
8001	82001	100	82002	100
#die
8002	83001	100
#wing waking left
8003	81301	100	81302	100	81303	100

#wing waking right
8004	81304	100	81305	100	81306	100




