#	id	left	top	right	bottom	texture_id
[SPRITES]

#venus red down left
53001	13	143	29	175	40
51001	33	143	49	175	40
#venus red up left
54001	53	143	69	175	40
52001	73	143	89	175	40
55001	133	143	149	175	40
56001	93	143	109	175	40
57001	153	143	169	175	40
58001	113	143	129	175	40


#FIRE BALL
51006	0	1	8	8	60
51007	11	0	8	9	60
51008	22	1	8	8	60
51009	33	0	8	9	60
#	ani_id	sprite1_id	time1	sprite2_id	time2	...
[ANIMATIONS]
#VENUS_ANI_SCORPION_DOWN_LEFT
725	51001	500	52001	500
#VENUS_ANI_SCORPION_up_LEFT
726	52001	500	52001	500

#venus ani down shooting left
727	53001	500	52001	500
#venus ani up shooting left
728	54001	500	52001	500

729	55001	500	52001	500

730	56001	500	52001	500

731	57001	500	52001	500
732	58001	500	52001	500

401	51006	50	51007	50	51008	50	51009	50

